2278
8312
2365
7779
1745
1993
9203
2435
7508
7248
1956
7139
9128
5119
7869
4056
151
487
339
6967
8985
3759
8450
6377
3467
4421
5830
2679
834
5614
4016
2550
1385
7546
388
8465
9884
3365
3939
6009
7099
5313
1654
7158
6571
1214
7219
8370
5025
2076
1980
2254
2518
4818
9378
8314
3674
3003
40
8484
7777
8260
662
9216
554
6386
5227
5401
7259
2640
6739
2914
3238
1280
9783
8901
7089
6277
5228
1593
8725
4147
3958
46
9702
2684
8121
2192
3701
5086
4345
2318
4647
6735
86
8533
4936
873
37
2716
2178
5032
2460
1250
6275
4942
1562
2637
9024
2487
2901
4742
9242
5948
5632
3879
4430
4198
1850
3378
644
4642
5359
4734
7651
7405
3510
4273
6005
1434
275
5959
7699
420
9760
8033
8991
7211
4125
6141
2839
9051
7065
4324
4894
2534
6384
8152
3345
9145
8886
1968
8159
2707
5106
5657
7979
8877
5021
2183
6635
9484
3279
7029
503
3032
8435
1558
6280
7237
6112
6205
6183
1672
7763
287
2884
5571
2314
4304
1931
7472
1350
1615
1180
1026
2475
7067
8163
3779
7789
4727
6186
9674
8681
8742
520
1179
7745
7353
8025
3462
5686
5168
148
999
7747
3973
8093
3922
4411
5323
6507
9028
2168
9057
7013
5009
7746
2979
7342
9695
6676
349
7454
9108
1153
1167
5449
6606
4793
685
8722
8187
1792
4718
8908
2429
3341
902
7851
7728
4967
7424
6955
7690
8058
6024
5186
3093
265
6317
1015
9471
4036
8765
3475
1974
261
892
5671
7983
3750
485
1977
2285
156
4963
8343
1154
8581
666
7701
9005
7961
3838
5001
8232
3984
443
1718
2062
7955
2555
8021
2673
5989
6939
6432
4841
2434
5420
7439
1885
7186
7889
3127
7653
9722
2622
5408
6130
4264
9286
717
3363
8637
8376
709
9803
3518
414
3707
1106
4633
1481
87
1384
7455
5278
4245
266
6601
1189
9907
6198
1904
2083
2200
3013
8672
447
3777
9497
3029
6404
5430
3803
8101
1254
3157
5593
7132
5676
9520
7327
3966
3451
5904
4483
6101
6263
3981
3579
7078
7478
2467
801
8437
1724
2954
2358
2048
532
6462
1537
4782
4106
3887
5757
741
9633
6651
1061
7131
820
2080
8505
2133
9778
2511
8236
3703
2652
9799
9744
5302
5531
7154
7840
9672
6616
4331
1933
1228
9922
5017
9228
3360
7484
6981
7529
1777
6590
131
6738
6092
606
9134
9107
1721
5488
3994
6232
5181
2033
3617
7332
7799
5015
9294
4538
3851
8573
8449
6687
977
3246
3277
1920
9319
5525
8112
1789
1647
7688
29
6938
1286
2500
9083
7216
7980
6542
2047
7277
6272
7846
366
2829
3340
7282
4406
1487
640
1408
2412
8734
6017
4185
5288
4248
6447
2054
4282
6174
1532
6891
8639
4651
7735
6715
4190
832
4868
2602
574
8276
2032
9946
6166
3739
5931
5619
3097
4879
7515
1703
9940
2402
1370
6089
4962
4704
2528
1181
3085
683
2563
8271
1409
3008
3022
5165
7352
1749
2851
1739
4481
637
9564
2454
9129
610
3526
5852
7105
8375
8915
2745
8234
6282
1737
192
1701
2453
518
4045
9170
7885
9601
2012
4626
6473
1661
663
6258
6366
2687
2419
2350
4001
5667
8290
647
1261
6181
7852
9015
8293
8600
1493
9052
2828
6134
2353
9688
6371
6162
5419
6555
2411
5283
9895
2554
6088
1414
4682
6262
1259
1891
524
4852
1
8357
5133
7150
325
1362
7669
4500
732
4910
2666
8641
3419
4000
2472
5113
1613
900
4107
2068
377
3298
1348
8389
5373
5192
3754
3558
7073
2327
5352
4165
6774
5068
3603
6582
3960
7631
8517
3040
9491
3156
8150
4039
8790
9853
7606
7242
6863
8136
8344
1939
6241
3142
8762
1185
2375
7509
6314
918
6900
9855
6394
6942
7543
4253
1784
6902
4263
4367
2671
962
7466
9877
6722
3915
2667
1024
8888
4202
5595
5254
582
7718
3847
7545
1220
8711
7660
1474
8842
9184
5524
2779
3023
264
3877
5896
3659
1111
9357
9823
5013
2100
1935
8372
6852
2023
8617
1073
4964
7112
6403
9499
5627
2337
7528
2543
2976
9488
2714
1253
6997
5236
2290
8848
3371
517
8451
2149
3839
3471
1534
7169
9625
5501
4333
3096
1392
9916
2041
9070
3058
8906
3573
4228
3672
8745
8841
9600
1449
8889
7579
8963
2571
492
8904
7558
826
5889
9646
6003
7655
3580
1290
9431
7908
1120
1520
833
9941
8609
1952
4146
3033
6566
6790
6159
1388
5157
4996
2750
304
3178
3530
6117
9034
9334
2746
7539
78
9396
4977
7496
373
8876
5026
9485
6279
7345
2853
3255
7902
5950
9726
9236
5927
2658
3452
8192
1094
6276
3678
8092
2875
3122
6458
2783
6256
6561
5797
9643
7809
2417
5308
785
62
1578
3477
6922
2832
1849
5205
8966
7206
6966
8513
4729
5489
1210
2052
3626
9817
4300
8516
5884
2762
3516
4628
4355
1805
3015
9698
1716
3323
4470
9563
7122
1380
8815
6435
3209
7003
7469
6342
9927
3600
4334
5211
750
8965
229
9030
1004
7952
6528
421
5900
279
921
3162
8976
9197
3807
6300
9551
6289
6986
2459
2004
1415
6434
2439
1692
3768
5589
8479
7145
1372
5600
1988
66
5466
1567
1498
657
497
4291
396
9494
2963
8298
207
7126
2206
9160
132
6933
1444
6870
3181
3598
4012
3020
3624
6383
7999
9742
8622
4028
1245
1135
5655
3267
6345
8251
8744
5040
4617
3585
2886
6295
6267
9373
3056
7576
780
1611
2975
4237
7629
4494
9731
670
2537
9332
4900
5314
4323
7824
7155
7962
8241
2255
5384
5703
7591
3094
1632
3307
5213
248
7966
7632
430
7588
4717
5923
5075
6538
9973
1649
4675
6052
7005
2115
3170
1322
4896
8590
9036
6959
1554
2703
3335
9156
2988
3295
3199
7076
3401
2217
4475
9314
1513
3908
7967
9928
4391
5315
6884
9864
1740
5753
4609
6915
737
8047
4971
1907
3432
400
1962
8164
5795
9310
7880
1197
9267
591
101
8821
1323
3654
6171
4057
8229
1001
2506
2483
8758
7674
2599
6329
6539
1291
9842
2689
7104
5445
9839
2827
6810
2103
2821
9272
6238
3302
8978
3131
2710
3233
5016
7758
8219
9914
1825
4111
8199
5233
4853
7676
3415
3104
9759
5494
2757
5116
1768
2971
3190
4802
9628
8669
6144
9612
2625
3967
350
284
2351
8937
5534
1819
8189
6481
2670
7285
7215
6096
6260
8215
6430
5255
7666
5037
3544
9825
7254
5431
651
333
919
4023
9591
4788
707
6172
8499
5812
2113
1588
8221
5329
584
4747
6714
1818
1246
2648
1636
3211
8280
816
7905
5617
5748
1597
6343
2056
9958
9983
6662
1059
3817
9764
9528
2153
8225
3262
6443
3588
6051
55
7309
7946
9621
475
8070
2708
2944
8975
1733
4998
9816
4271
1874
7085
2452
3321
1207
6137
1711
4179
8657
7934
9868
2157
8147
7364
9295
2522
6648
6234
7895
1144
7775
6011
3450
9473
7225
5207
7312
8778
529
4267
770
276
3392
2154
989
3413
3490
3388
4187
3304
6638
6123
5866
2751
8670
5919
1839
3940
4025
4408
8547
2815
9527
3688
4239
6558
4066
2256
568
4586
2097
4417
2064
4295
9435
6754
7319
3715
733
48
3074
547
2790
3799
3125
6849
2480
1379
4991
6965
4904
395
1604
2156
3747
4532
136
2807
4208
8666
2908
1294
5338
3995
6836
2912
2344
929
7841
7695
3091
9195
23
5682
4694
772
5602
9085
3230
8967
6801
3551
4733
4855
3237
149
9021
939
5394
7253
4754
2694
3314
1866
3562
3622
8249
9187
5949
5677
7812
3126
1102
3373
9995
4640
7815
5137
7318
7162
9300
621
6034
7797
1317
1468
3364
7108
1686
3789
3071
4834
2999
7245
1945
1911
3508
4833
1067
7176
5379
2945
6283
807
9978
3380
2116
6931
359
5322
8586
3474
8239
7762
5734
2616
9291
7415
3532
5641
1556
6788
9077
5475
8891
957
3955
3270
3034
570
5218
4632
9686
8302
577
1926
4826
4474
6614
751
8297
2311
7258
4502
8466
1571
6702
5999
8374
1091
9111
7834
8648
3821
5628
605
9504
2348
6793
9666
5450
5500
2593
9279
3354
1051
4139
3633
9807
5966
2368
5690
2722
1177
6302
866
9918
198
2398
2298
812
2718
2166
7270
3253
2220
6727
8289
8865
4127
8078
4100
6743
7344
3426
4118
4081
38
3288
2835
6316
2279
5568
6947
5588
4889
5679
2598
7397
1539
4860
1053
8817
7659
9636
1851
4232
8167
7476
4542
886
7384
31
4646
5538
5706
9401
8771
2234
3299
2238
5662
555
8001
1624
5789
8837
6692
3554
6894
4353
255
3635
6301
3473
1000
8377
7686
8397
3569
5004
1601
4265
8299
4354
3067
8473
7727
1976
7780
3728
2010
6907
8683
5877
8040
2906
4584
3318
3825
2489
649
7149
828
4688
1126
6917
2682
4981
4011
5386
7295
8301
6057
1700
7703
6799
6161
3898
3303
3079
2490
9148
913
293
9503
9478
1439
840
6796
2320
4979
242
6745
891
4289
7794
8687
8899
2441
6712
4260
6699
9172
7147
5066
3310
9100
6658
8832
8628
7917
7879
1169
8228
9658
711
1438
8355
941
3867
4856
384
218
8472
7153
6549
1854
6066
3963
5832
452
2951
4779
8909
5441
4947
5803
4611
953
5261
9362
2855
8947
8710
7584
449
1717
2482
8467
2989
1912
419
6599
9109
174
3179
1475
3582
9718
5687
8439
146
6976
7338
3736
6189
3121
2905
9915
7329
9514
2533
4443
3300
9417
2120
3309
8253
5417
4080
2900
6072
4374
3367
4402
8575
1112
7511
6841
6740
8198
185
8862
7349
409
4371
1359
8665
2992
1114
3507
6360
7497
7573
2712
6048
3832
9649
2669
2125
9288
4595
2087
7525
385
1503
6091
270
9556
1303
4928
6498
9046
5480
1635
4890
5083
7328
8557
3175
1519
3971
8684
6347
5674
5929
9901
2645
5936
4784
7487
626
6418
8693
3447
8802
8597
9245
7849
5155
9711
1272
4568
7221
5270
8462
1127
3201
769
4921
2075
9102
2305
391
7367
6815
117
9053
6525
364
9048
6737
3559
259
2668
9593
3661
4358
2847
8002
2361
3439
9498
9956
6243
9836
5775
5888
8737
803
3647
7954
4922
4781
4434
8457
6618
9346
3869
8489
546
7079
8732
9639
7009
6312
9721
6313
7829
9330
1930
2825
3332
5003
8210
7430
4381
4482
8718
7301
9009
7243
1422
942
5620
7278
6151
179
633
646
6071
7630
9697
4846
6669
1504
1730
1299
1417
5341
3727
8864
9098
3347
6120
161
5761
9176
3823
2586
1188
4965
7796
6671
3649
2129
3425
5721
3810
6770
509
3876
2623
5372
808
8268
2823
6961
3785
1656
2059
2516
9966
2243
5663
6592
7092
8754
8365
5618
7614
4521
8763
2508
3469
923
6646
2390
3328
2013
426
1226
8307
7523
4911
4296
6106
5633
4092
1723
3873
6892
3555
3605
6323
7687
2468
4859
8256
4956
90
2228
4398
3171
1031
3856
104
3853
7586
2661
7184
5675
4310
1403
4674
8109
5762
7197
6659
6293
2775
5952
2523
5272
3384
9407
4464
8724
5413
8116
1873
6581
2405
170
1858
3685
5124
935
4946
7443
3281
47
8872
6252
7992
8179
9014
9437
8243
5542
6376
262
4495
2691
3592
7348
2719
7207
5735
869
1342
3337
7664
1327
672
7193
8709
2572
6200
8223
6453
3294
4514
2677
2605
9798
9115
6787
6766
9355
4839
2499
4531
5870
9894
1138
3692
1828
911
213
9671
1924
3224
4533
8843
301
9416
9985
6588
144
8142
4680
7355
858
1156
7106
8178
7458
2479
1816
4161
8892
6219
7927
7581
5038
8264
5909
3113
2345
6031
5689
3563
2455
2451
955
1525
6109
7514
8418
2283
784
2858
9080
7360
7562
1276
2920
7592
7354
1270
9669
2922
1665
8011
1660
9818
7731
1451
1881
6080
5436
2939
7706
358
425
1577
6769
4013
4326
2396
7273
5069
3173
4169
8589
3920
5360
6278
4661
3978
5844
1853
7386
8874
2956
347
5160
112
2657
9723
8918
2756
7361
9349
8003
4914
6185
8470
7575
4004
6585
6673
9984
4152
5982
9727
9008
9942
4037
4926
9436
4099
8348
9512
8605
1986
9177
6217
8782
1287
2303
250
1728
4087
281
3031
8246
299
1406
3841
782
5252
2171
1953
6456
5861
560
616
8048
3311
4974
6908
4842
3151
3463
9275
5044
1312
4204
7872
6361
8422
5280
6765
8363
7947
7061
1309
592
4392
1373
5719
6223
8932
1311
7734
1310
5956
6288
9712
1766
3098
9981
523
319
2820
7707
5880
4175
6389
5984
2198
9948
7960
3548
6385
9071
2106
6391
4891
3618
4225
2802
7276
9613
5848
8834
7621
5705
960
2226
1334
8392
5478
4155
328
5918
7008
4668
9338
3485
1462
5946
844
1428
2027
3342
9640
3673
1890
4221
7754
9664
5487
6552
8075
494
7636
4105
8855
6320
2408
4236
665
9590
8611
9814
1063
1582
1823
3229
2282
2852
746
8796
9880
4598
6448
2175
8858
4940
5184
9099
6775
1813
7387
7502
8760
8281
9739
5052
1333
2360
9161
1591
2301
7893
6895
1146
6660
245
8688
7597
9091
7448
9530
9909
4250
7220
4436
4958
8861
2268
4580
998
7675
7302
4918
800
1050
4844
2132
6043
1098
4778
9326
6811
8510
4088
2732
7548
3509
2040
4872
6563
3881
5457
7398
3329
6054
6920
3421
9745
4562
8346
6215
4383
3733
6717
1555
6684
5310
8327
3376
5839
9019
3240
3731
3977
6998
6725
1633
1300
1101
819
8931
5596
5215
4539
6767
6010
7097
6763
1405
6531
4329
9949
7541
3334
4254
4832
374
1771
4534
5200
2777
5616
8423
9501
6609
5926
1076
6128
2098
8691
7981
7120
2262
8814
6932
843
1386
8233
1182
5238
7568
5693
2384
5142
3864
4131
41
719
1618
4136
3194
2590
314
2633
9164
602
6736
1324
361
5684
470
6362
3835
2642
3557
871
5773
7246
5587
7919
5810
371
5482
1869
1754
1201
4060
3400
9315
5912
4602
9082
3836
7647
4298
4725
9136
8885
1965
7157
1221
9385
8018
8528
7975
6236
4655
3698
150
3343
1398
6438
9261
1775
4819
6424
1202
166
7956
987
188
3503
1790
2281
5210
2763
4555
5879
9012
1807
2672
6059
3862
8980
7782
2077
3993
9190
4339
8700
8448
7522
8809
8791
5691
3153
2723
3284
9795
5087
779
4768
1354
7633
9476
7935
5491
20
5985
5867
5249
954
6896
6828
133
5028
6631
9075
8981
5760
7313
3422
1846
7290
9434
597
2697
5167
6459
764
6613
9938
6421
1698
1129
881
1190
1959
3595
8351
108
1265
8696
2096
6119
2146
7781
1315
3493
5098
8321
6839
5729
5241
7199
631
1573
4713
6412
4488
2466
379
9489
2766
4570
4480
4902
7941
2549
4961
312
3918
590
6471
9848
1427
5129
1368
3751
1192
2651
9101
7595
2463
3012
979
3160
482
6046
4034
415
9335
3524
8773
1709
9660
7571
545
7436
3805
3889
6318
6192
9453
1748
1494
9634
3338
3735
5006
4247
7739
3907
1247
1115
9765
2819
9786
1218
6188
6925
5604
8060
9775
8740
3449
9502
6056
8602
6962
96
2972
2551
3710
5497
3570
6882
1058
926
6460
1495
7717
1865
6201
3225
2410
3590
9341
744
1809
4115
6596
39
7260
6381
27
6819
6021
1732
6645
9178
2620
7014
1569
1436
8022
5939
5887
1605
1512
7046
7602
7982
2119
7440
9124
8065
9039
4508
8685
3429
295
231
2063
342
5609
1429
3927
1787
6639
2705
4899
423
1352
4312
7973
2749
8784
1171
5594
1619
54
3946
9058
3658
9641
6230
6450
1072
9186
4038
4678
6084
6785
1713
5750
4620
3070
5943
6409
6958
6254
6698
9217
5164
9441
4638
6349
4885
2764
1992
1529
2357
7018
8332
8752
6850
5356
8461
2313
1572
6603
4385
6131
9168
5994
6918
2993
44
6457
4007
3523
4416
7968
432
8532
8853
6469
2155
77
4519
1576
95
8950
7683
9754
8383
7805
2649
5327
5174
6876
3951
4883
8701
5234
2869
3472
5976
9657
7114
2810
8020
8148
5722
549
9280
1397
6701
6408
1258
10
180
9515
13
5470
2139
8238
354
3072
3959
569
1847
8801
5366
3597
6470
4740
3180
490
3196
5024
1706
3669
4916
84
1216
7117
1583
8095
65
3468
1366
9219
7948
6206
701
3752
9110
5054
2458
4143
1159
4752
3379
7334
6805
527
2681
2137
4292
5034
7308
76
9445
5121
3088
2449
2845
7704
8263
6768
1910
3247
7537
1596
2172
6734
557
2406
6881
2521
7530
9227
8916
3786
938
1467
1607
6209
4878
9833
2347
1313
3444
9339
2024
4557
1168
8220
8345
9317
2248
9793
4006
9391
6143
7053
9270
4075
4454
8133
3408
8550
5699
7142
9701
2491
9844
153
5212
7652
6594
3481
8390
8585
2711
3546
2799
7926
1443
476
9675
6777
6694
4422
8359
5027
9772
4318
4189
8381
2245
2391
5297
5636
2229
8727
4950
4073
6098
5144
6285
6980
8780
2879
9716
9238
9336
7839
6674
2526
9623
2210
1241
2124
3943
8535
783
4047
6393
5917
2579
1251
2907
9470
1658
4935
5707
1642
4960
6045
688
5152
933
3793
6690
9163
2903
8917
9422
5199
187
976
5850
4027
664
8840
2837
8173
6487
3726
8135
2110
7985
2626
8175
9302
2376
9347
5022
1895
7300
2428
6964
7871
6822
4223
6027
3584
4174
2101
1928
6545
9386
7767
2014
1680
9026
7056
9871
876
9866
2778
6406
6578
6704
1344
3488
1229
8084
5169
4008
3538
274
5277
6030
8563
6519
8262
2959
5404
3227
9259
9382
3681
8822
6147
139
9162
1888
1702
1435
88
4447
3855
5354
7693
5965
1381
859
5733
7587
1877
6550
8455
9258
5173
401
3609
949
9368
7998
9350
5749
2547
3542
984
9610
8811
6865
8323
1608
7596
8896
4377
1040
1741
3068
2606
8803
9768
9980
1085
722
9561
2060
7082
2585
7697
4320
3552
5957
3107
974
4794
2117
7442
6356
3529
541
4498
1271
8635
6340
2895
9397
1301
3009
1075
2538
1018
8102
6655
2609
6265
9545
682
9964
8155
8062
5484
4864
5736
9218
1288
9229
1517
1699
2445
9360
920
7303
882
3690
3519
2219
9867
8055
2176
6851
3491
3802
2898
2726
6095
4697
6074
8044
3256
3317
4469
8273
9615
7957
5296
1566
8936
5739
5914
4811
3850
9146
2399
2161
3591
5554
3272
8879
2334
2335
6146
4874
9538
1273
2128
6395
1071
1860
5578
5847
4051
8704
4693
7267
8230
5177
9079
7036
3645
1356
6983
8682
3182
3059
8328
5855
8200
7256
8753
4252
3970
8371
9231
3212
1715
6505
7603
7066
7801
5930
5894
5150
4604
3139
7628
9713
969
6093
7310
9065
5591
8650
9342
8949
332
1378
2123
3325
2378
3005
6405
6791
6496
1897
7375
474
8645
6464
5540
3998
8338
6294
4337
4360
6499
2387
5432
2188
8741
7624
7853
4689
3996
7026
7086
3607
2507
6565
3405
8216
9994
978
8214
8410
8306
6477
3625
2866
8119
6012
2882
2643
7042
4302
2112
6897
4984
9458
3501
932
7459
1243
1726
4485
1121
710
9069
2894
3050
9924
4751
2964
2696
9883
5545
402
1191
3258
2946
5304
5610
7499
5592
7750
243
2611
5103
5221
3942
9230
8534
4319
9116
8440
7275
2970
2001
8288
3
5718
4084
1307
2017
922
3431
9863
9976
5833
6893
8723
607
9769
598
4876
8068
7323
1227
6560
1769
7856
7464
1799
4957
317
4669
5047
408
2943
1361
2257
5791
8571
966
2739
1542
4937
3753
6534
500
8005
5029
9428
8100
1118
4771
8690
4182
5708
1357
1958
2465
2025
6515
9581
2635
4537
2470
6843
4058
286
4643
4780
6584
6689
8632
7491
9580
6569
7854
4078
5115
2646
6649
6484
8548
6199
8444
4761
3045
2203
4180
9594
4294
4055
505
8789
5108
9651
9171
1561
1048
4130
580
6716
3203
7292
3716
1152
2578
2058
8769
2263
2461
5537
2515
6355
3458
6454
2127
4659
7855
4479
8161
8395
7453
7015
9130
9513
463
5104
1773
3594
2909
8209
4559
6212
9260
8049
5378
7141
3623
2588
3177
513
1969
5312
5306
5911
6337
3065
5763
4401
8443
5036
6623
6060
563
4892
7533
4449
2304
3983
9854
8218
6665
5562
36
7133
4815
9464
5343
5316
1547
8059
9309
8027
6047
1016
9482
5624
9274
52
6586
7412
3351
6804
7379
7506
7990
7198
4851
3886
5171
6110
6303
7617
3187
6488
8584
3781
468
8463
8240
7205
4907
9507
2359
6455
5726
8933
5712
7488
615
1770
7371
1544
9133
8385
6353
8986
2510
2660
6184
9493
5396
5486
1998
1793
3241
8835
8694
8099
2947
7589
6495
567
985
6216
3756
1222
6691
2224
5084
5094
2759
8339
1663
1042
5078
4702
6426
5132
5800
2699
2592
5961
4737
7774
8826
1831
831
7583
1662
3461
1655
4132
1347
7358
56
7768
2091
1130
7281
1341
9699
4777
936
686
5294
7937
8469
910
6753
6729
5751
3828
2016
7035
1020
5437
4701
9068
4683
5274
9153
1791
6859
9539
7678
8561
6913
2042
7456
8396
6415
5843
1215
7177
2089
952
7373
6904
288
2603
4588
8054
5257
6067
4619
5444
9930
4313
8325
3893
9762
2624
7473
8341
4827
6759
9222
6604
303
9381
7388
7306
2142
5717
2836
8939
7124
6370
378
6249
4386
9318
673
3648
3095
7963
504
5774
8008
7645
1390
5126
8982
1516
2919
3254
1230
2383
6875
7510
6111
7218
8412
7045
5197
7365
6274
4370
3498
625
6982
2481
9325
8736
6610
3571
611
6720
6035
9792
1376
5159
6611
7894
8883
3099
7757
7593
3697
1875
1175
2965
7640
2924
5303
93
9655
1917
8549
1918
7557
1720
7109
437
2530
5311
7317
6779
4241
4419
7722
4552
9467
9253
9255
35
3044
9466
5220
6004
7087
8342
5759
2070
5809
6991
9348
5998
7418
2317
3204
8211
8664
8468
7605
8844
1683
5014
7431
6923
1402
2260
3740
8596
5601
7251
5183
7212
7772
1674
7
9881
5572
2557
4129
9041
9446
5268
543
6936
9510
3352
5503
692
4410
5367
5755
7446
5187
7052
7209
9207
7821
2659
2949
7134
5784
9147
6858
8436
4158
7050
4695
3445
1598
9596
6813
1140
3035
5794
8707
5223
5002
9755
2501
6341
2824
4738
7188
7740
8567
6207
4270
8747
4511
3165
1803
654
5974
6516
1137
773
5388
7833
5665
3813
298
4426
346
3547
1176
5942
7888
6880
2397
9194
2568
7091
3514
3394
5474
5822
788
9020
3123
8698
821
8042
8503
8399
3457
758
4773
8064
7637
8529
1096
1938
3218
9860
9402
9166
9525
804
7639
912
2503
8393
3150
7920
6086
9371
8145
3446
4572
9925
237
411
6475
674
5868
4703
6271
4724
6747
731
880
6006
4164
3500
9127
1296
5564
8767
8620
5402
82
617
5804
3271
7115
9240
2698
599
4645
9537
5754
3448
9337
8156
4664
2295
8943
8680
8336
6016
3416
3004
258
5114
2191
3857
6422
1921
5154
5586
3653
7970
1125
3921
3679
5528
8831
3997
8653
5390
5845
7001
8576
4054
3884
7563
1623
6919
4798
9221
9210
2631
7196
1003
4121
5650
7408
7561
3016
67
9547
5442
3931
8721
4496
5362
9299
9351
5065
5284
9923
3382
4706
5443
4275
8536
4040
3268
4284
454
1913
533
9802
7984
7030
5996
8158
5371
8368
4128
3185
186
5685
3882
53
1151
3055
4629
308
5924
4970
1581
3989
3729
4507
3670
3014
5460
6971
3868
7601
4934
465
282
7604
5838
119
6193
1070
4510
1964
9372
864
5020
6889
4517
7922
4466
8621
6194
861
7569
1321
6416
4167
6901
124
2977
5350
680
6107
1653
2208
3545
1364
2312
8079
3280
5897
9575
8305
8733
3316
4308
1006
1884
8925
8977
5226
8272
9468
4913
5921
4166
4471
6988
3769
1868
6992
9597
6544
3712
3128
7915
4711
9414
585
8254
8007
3720
9415
1783
5878
9281
7831
7452
4735
2833
3395
2800
3261
7293
4477
6055
1298
2595
1531
8867
3049
168
6039
2863
5364
472
9370
4490
7711
2525
6795
85
9143
1425
1423
3744
713
7181
6222
9630
4708
3694
5451
8568
5331
2005
2488
1083
5737
4658
2881
4797
1565
8651
1622
2936
8612
793
9420
8659
4698
2474
7385
236
8851
9432
8071
4803
3137
8930
604
6657
916
1870
2862
3792
9278
3403
6226
6392
850
5043
1552
8402
3080
7791
3656
267
5892
6433
9650
4021
8922
7907
1990
102
8816
4676
3611
4870
878
5253
4849
4010
6108
2186
3988
4168
9459
8582
6912
1457
914
6270
9284
4699
8403
9663
5836
1909
9290
6210
6797
1648
4400
6675
3124
3193
4135
4414
9394
157
6628
5971
3999
4774
8438
5806
3586
3404
5980
6321
2709
2081
8195
862
3822
2794
7465
1535
4775
1657
3242
6490
7283
3962
9273
123
3133
6786
1682
877
1062
6328
4376
4083
2596
2422
3479
3634
194
3666
5623
5902
6703
184
2044
5214
3397
3982
5345
959
9652
4941
806
9559
7526
381
6136
7299
3344
1081
495
8171
8972
5307
8905
2341
9917
9443
4071
6860
6025
6038
4328
2078
2280
1645
9737
4672
9560
8456
6228
6104
5938
4455
6800
7307
3919
5143
8269
8829
5561
4123
4952
3100
5653
5381
3923
781
1929
1536
1727
8413
5222
748
4109
6333
7698
4043
2958
4366
5857
2456
5053
5290
9304
6033
4091
2724
4505
3051
8509
698
4126
9363
1233
687
1948
5447
9038
3456
3816
5492
5361
5935
1759
8808
6165
8574
6148
4823
7618
3565
6511
1195
5433
3386
8514
887
7959
5865
5577
5344
5368
8485
3808
1009
4220
9418
9126
8486
8893
1629
8380
9908
628
8911
3775
9462
1319
9874
6825
2740
9543
3414
71
9616
9047
1387
4929
2235
3143
6626
8081
9313
2664
1679
3725
4486
9858
4574
3531
6833
9931
5862
3082
5770
1046
9638
9451
7252
1705
9961
6231
1446
3954
233
6164
7765
2020
9653
4835
6700
6824
8190
9292
8546
4997
2355
7374
8497
8430
5518
2394
2158
620
9535
5042
6163
5672
405
3629
1306
4046
8487
3430
6002
316
6359
8482
1077
4249
8531
7004
2846
7200
1231
5260
6680
4067
5355
4630
2536
2885
1165
2043
1546
3053
1289
6776
2498
8009
1021
7417
1395
4990
5547
9582
542
1269
7884
5465
8726
5536
3052
9174
4219
5626
9138
712
8699
5979
8137
9680
1559
7411
8035
8037
9209
6574
1407
6196
8118
6040
7400
4338
9826
6905
802
997
4227
3892
9632
4816
8626
15
4404
7620
2473
3814
6357
1880
8285
8689
561
3418
4613
4173
6452
8202
652
8138
970
4171
7395
7376
9569
6993
1355
7708
3631
9975
1811
1029
7214
3902
6224
7372
9892
5293
1621
9323
5579
8954
8074
8250
9902
1651
6999
9283
9677
2650
334
6444
1105
4024
8424
2309
1104
9889
6439
8267
8636
8521
434
5347
8400
3925
5605
5681
9598
7790
6640
4153
5426
3930
8830
6465
6489
2613
1160
3905
6335
8894
4266
1052
7119
7808
726
2517
7921
562
2962
3239
21
4858
5972
2584
2485
8431
2366
3406
3536
1238
9469
8615
5077
7672
1133
6388
5008
7350
6838
7490
1902
795
8623
249
7393
2838
6521
1476
7837
3646
8106
5658
3521
8545
771
6367
2795
7485
7870
2413
1147
9611
7503
3292
2094
7217
4549
9606
16
4817
3801
6842
177
9724
435
7843
3064
3076
1609
7289
946
7658
8046
7390
3683
8974
3385
5411
4749
6115
8952
587
9957
7040
8903
5871
8394
7732
8411
5517
6757
8052
7457
6064
6463
5498
2753
9865
7351
5490
1832
3745
6191
3019
1479
4437
6924
872
2619
431
5560
1574
9056
3606
9555
7742
5458
1011
2053
163
2389
1305
7305
9637
7830
531
1946
2641
6546
376
2527
8504
7608
1302
8973
8140
6830
661
7680
2493
1982
927
623
3714
5204
1478
145
7585
3396
5611
7321
5292
5156
4336
757
9025
1433
627
5237
6344
5973
889
7715
7873
1142
6608
483
4244
8512
7756
4807
9285
2019
5440
8902
7039
9919
404
9937
4873
3208
7362
4886
5163
4518
2233
5398
6187
7366
8183
183
5059
4545
1863
1399
8490
3305
6390
7210
3006
4394
8191
127
5709
7486
2752
9383
4721
4359
684
9061
573
6644
5834
9331
775
4594
8026
3650
3140
5711
6874
1095
5324
7064
4840
7770
7906
9809
1461
8417
4671
3794
1744
7143
4487
9796
7441
5859
5631
8845
8094
9586
2639
3115
1584
7725
7335
1424
6208
9263
7244
221
9303
7201
2003
8989
7118
4346
5823
3844
4428
1237
3073
9770
7518
4201
7074
7519
824
254
4379
721
3063
2002
9820
4861
9548
9191
178
1109
9369
594
6266
8559
1960
2272
7222
5743
3874
2915
6372
4785
2342
1796
5346
9002
2573
8749
4097
8774
7938
4526
3589
931
164
1066
6667
676
3276
1225
4808
9456
9519
3470
5508
8131
5745
7475
5933
961
589
9656
3154
8523
7274
6653
2073
2067
3614
9913
6634
3655
3553
9254
1391
126
7234
9105
6709
1785
6794
5575
2893
8527
4351
1041
5175
5439
6522
9730
6233
8553
2356
9717
8366
9151
412
100
7314
1668
2213
9665
140
1667
1328
5583
6885
479
6621
1983
3460
1028
4352
735
1612
7182
6001
5951
8606
5055
6049
9220
1103
1030
2978
4209
4804
8426
5873
5793
2899
3437
4848
2388
3820
8604
9201
4955
4530
7000
8962
1078
7161
8226
6486
7986
6442
4103
4551
9574
8494
5300
7848
4305
901
7811
6169
6239
4836
1036
2982
6731
7766
2782
80
4017
4224
1437
92
5932
4194
6548
1471
4743
7993
7012
8194
7944
4283
1899
6853
3084
3440
1659
9873
3370
4744
9192
7185
9967
7266
9627
4342
6929
1263
8870
5535
6557
7192
4776
50
9997
6867
8362
4207
1595
4003
3103
5455
9609
3561
6752
8569
5415
1097
7612
3702
2814
2844
477
6020
1971
2618
2969
8125
5424
8143
5584
7166
5118
5715
9972
7016
8398
2381
2448
323
9027
3878
3696
6149
2247
8652
1482
2662
5741
204
2728
9872
9
9104
8618
9305
1205
6887
5332
9952
5452
7949
2784
9996
8595
6587
3974
6504
2259
846
867
5499
6336
2548
5975
9773
6176
6158
700
6817
8350
9827
8117
6075
6491
2727
1944
943
4603
3291
2343
4301
2582
2197
3541
6014
2627
1119
8023
6411
2773
1421
3866
3957
8956
2492
8415
3975
2772
3986
9614
235
2873
290
2324
5988
7203
4460
3677
129
4506
1158
4605
4903
4459
3788
5289
521
7743
863
9753
9757
9040
6261
1900
1217
8227
3581
8863
7100
9086
1906
2512
8311
4212
1862
3021
2370
2000
4880
1292
8132
842
2806
1099
283
8056
5363
6150
1108
1336
7892
3353
2326
4795
4917
2968
1510
6911
9090
2322
6948
4927
3599
2840
2561
1821
3894
2008
5780
8660
4356
5005
6630
9403
2308
4830
3062
1515
7755
3441
7151
5033
3077
8914
7842
593
7773
7265
4915
3621
7535
8296
8598
8578
3880
1641
4553
4581
7900
2967
6023
8205
9250
8671
5067
9794
8308
9340
6969
99
9430
9364
9249
5673
6570
8938
3804
7025
5585
234
6750
4983
2331
2138
8959
9805
2872
8034
9879
230
9050
9869
5991
2028
7213
4413
9969
2801
8996
6332
6449
8495
5166
3849
5651
8713
7868
6246
6291
1806
6761
3483
4845
8139
4847
9480
3928
799
690
1447
4597
8000
8820
9982
5732
6078
5788
6167
2748
1484
5558
6846
2702
1145
8165
1278
6883
7913
1861
5325
2731
7262
74
7555
4029
3111
6579
6517
1337
1193
845
8066
147
1279
9703
5071
9824
9511
3628
5502
5149
797
5061
2604
9878
1781
158
3043
2277
9379
5553
928
9944
4110
8854
9296
1747
9629
3265
2607
7396
4988
4923
6221
7712
3505
6348
5599
9440
3322
9542
3737
9103
9774
9173
4306
3968
7566
3969
455
6524
1411
3871
6351
4050
723
1528
406
9257
8373
7103
6354
355
1887
7007
5668
2594
9442
392
8337
4191
1162
5434
6937
7847
5131
5818
5301
9389
5731
2379
7736
3278
6877
1753
9316
9202
8318
3560
3166
7102
2174
6065
25
5471
1630
1600
2400
3435
6237
3596
3110
5102
1432
9642
8110
4456
608
9410
6015
8088
4242
7723
736
9587
924
4157
32
1767
5817
522
4660
6397
2796
2223
7520
6032
908
9084
106
1511
7625
8565
4018
7673
8508
5275
600
1722
5060
9971
7897
1845
2420
1240
9843
2787
8987
5382
4473
5463
9000
9006
9095
714
3102
1687
9951
4403
738
7179
9404
8960
9496
994
8434
2984
3290
9847
1458
4681
4415
143
2374
6311
7224
4303
3089
2941
7261
813
2227
5581
8408
5476
7435
1758
6113
857
3326
7553
6963
2938
30
6782
19
8151
4650
3979
5090
3048
2426
1056
6
7291
5846
4196
4866
5539
2983
6419
749
896
4764
3138
2055
8428
739
8640
3327
1005
1966
1057
4009
2760
6780
8564
5127
244
5393
3186
3540
5147
3025
6956
6310
1575
9343
4969
2273
6576
7044
8124
9741
3613
2995
3612
5282
9694
4396
1712
2373
8813
1123
6218
4679
9926
5814
2797
1349
9920
4535
272
7994
4429
6708
849
4920
4523
5317
9454
5109
4739
1801
2916
4871
6125
3833
91
1603
4828
4251
2994
8761
9518
8188
4573
528
9687
5469
1256
9479
4548
2181
4814
1756
7786
1967
8608
8266
7778
9700
210
8090
9367
6553
8409
5790
8775
5135
6116
7911
1282
7239
8755
8184
7113
8242
7339
6508
368
2692
7075
1725
5105
5146
1989
6536
693
2328
9429
2333
4327
8934
7737
7785
968
745
1590
1249
8340
9087
6178
6073
829
5117
9840
2392
5012
1485
4309
4906
4172
5271
4831
3466
9788
8543
9388
159
6695
8185
1178
7037
1172
7594
4461
9565
3374
9526
394
8644
9208
9205
6445
10000
3798
4810
6087
3826
9534
2239
311
2424
8329
7287
2690
4986
4567
618
3206
2169
5640
9477
1883
2558
6387
4635
9182
4745
5120
4504
9297
6783
6327
7127
2409
7832
7500
8257
3987
2231
4709
2216
1203
7721
7130
1431
1047
7297
8073
2207
296
6946
8746
9959
4985
2786
1244
4585
9987
8968
1981
3620
3086
7807
715
418
7081
1975
7550
7028
5018
2037
9529
1213
8882
8768
1383
8674
8677
4240
8588
2685
815
9266
973
7713
7002
4287
811
3774
7043
5756
681
98
5435
6977
1025
2546
4297
3734
7714
3250
1830
214
1526
2430
9682
5883
3829
7263
1940
305
9276
7437
5
2932
4696
2770
2107
9690
6974
3870
9517
1308
1514
7229
4235
9626
9856
321
9119
9049
5085
8364
370
3578
5827
6127
905
5634
6532
8224
2849
1894
4463
7316
5692
4423
4044
5574
2269
1033
6245
7080
3495
9425
7532
3274
2425
8384
3315
7896
195
9965
5251
3134
8177
160
5206
1477
3664
6685
4299
3427
8772
3109
730
2961
3411
6478
6620
6281
5333
7862
5661
8279
2870
9605
2632
9150
2747
934
4838
202
7370
5521
1170
8113
6878
450
8294
762
7800
5637
7694
3161
4867
6625
7881
1022
2676
4592
7835
5954
9007
6417
8613
2338
4160
4177
7930
3428
3601
6808
387
3042
7055
206
9411
5074
5141
3517
4364
1132
2744
641
6497
1550
2556
5263
5134
155
502
8349
4558
3026
2253
614
205
787
1626
4195
3991
7419
7891
9438
4368
8317
2162
7343
9152
3568
1141
7634
8278
6990
1367
410
3484
4215
2182
743
5019
4582
1872
7925
2991
1335
1148
6771
576
2887
6580
1838
9800
2436
7298
9813
4493
8050
1401
759
413
668
7347
830
9409
9852
9831
691
8594
9215
6803
4425
993
3116
5697
238
6941
1173
5559
7180
728
982
879
2701
9045
8388
6666
3480
2721
8313
7684
7923
8881
6868
4690
510
9262
6914
6133
3914
4063
2933
4350
6306
4522
870
1150
4375
516
7090
6482
3346
2818
1927
9785
1761
3787
1879
8222
6022
5947
2307
8786
7378
2897
965
5510
6758
5203
181
3497
3709
2464
5978
2788
5556
8658
4730
3895
8259
4644
1842
7110
8458
7565
553
4939
3356
8203
9196
9322
7818
8120
7382
1032
1466
6696
3610
7280
6615
3478
8379
3355
5742
1283
2432
9875
2403
9678
6154
9784
7761
536
8030
7494
9771
5552
8703
5802
2159
130
3453
9013
7240
9602
1736
7470
4274
5194
7168
4800
7912
2902
9779
2170
7477
2494
8673
9583
491
167
5639
3436
6706
6605
2680
7138
2665
6315
6380
7403
3215
9067
5399
3275
6451
1855
9444
5383
3319
5265
5841
6077
9738
798
1490
1088
9607
6864
2261
694
7255
9681
417
3780
3682
7233
2781
552
8702
457
9567
5642
8429
4527
4278
6518
9749
3662
1697
9830
9898
3842
5041
8333
1017
4954
8538
765
2185
6358
5089
4176
2323
5479
4154
6352
897
2302
8421
6718
369
6789
7531
107
9647
4596
5493
4897
4307
193
6400
9449
59
9998
226
8016
7072
4673
3293
427
1045
3640
4621
2502
8474
6062
7716
1580
6856
7017
1586
4478
4093
9188
5392
5110
7190
4393
4925
696
6492
9933
2065
1065
8358
5088
4286
9846
4616
4746
2038
3964
3214
9282
5138
9750
3773
4723
9406
4369
8592
5506
9821
8728
8714
579
7580
776
9375
3132
8616
5511
8992
8649
4799
327
1669
1232
8518
3366
5448
7845
8006
246
810
8382
9495
5391
111
2560
2874
1208
756
5903
4787
697
8326
7551
26
5136
1464
619
6527
4968
9733
4501
2674
75
8692
1463
1678
1984
9562
7682
4932
1452
5544
8743
3228
4181
6369
2717
2074
3830
7423
988
2150
9806
963
5130
2215
6472
7501
4445
9904
5462
8330
4288
5219
7611
8526
4765
9465
9200
1786
6643
7447
6792
1564
8248
3784
6476
1780
8067
9185
4933
1594
9447
7657
2147
2018
9063
1375
7232
2315
1826
5299
5279
7420
9487
7760
5374
433
1746
1610
6559
3361
2179
898
2122
8172
6083
519
440
5516
7135
8286
4234
5603
3362
6287
8847
4349
8825
8999
3101
3412
4148
1297
4824
648
2564
3210
2809
8770
1670
4599
9905
9710
269
8572
8235
7493
4854
526
7867
9333
273
2371
8453
8823
4448
5176
7971
2937
4162
3885
3615
3811
4405
3243
2608
9781
9719
4989
3935
3424
4238
3423
1087
841
8072
7264
7817
6954
9093
5328
1012
2629
2577
7023
3515
2934
190
58
2190
1107
2817
8085
4550
3219
9659
7753
538
3028
5158
8828
9890
203
6286
1473
3266
228
3330
5295
5582
6636
9888
2099
742
6296
4193
6705
3858
8979
5725
444
9631
6985
7471
169
200
1585
8446
1637
8420
6683
9169
2918
6253
2126
8929
24
5049
5915
9311
1824
4030
3948
906
4141
2339
5825
8580
5598
227
4587
6562
7890
2443
3643
3527
6633
8583
4114
5981
3564
11
1689
459
7700
1843
9023
5993
3417
5968
3791
4269
786
1620
2205
7069
530
6995
3909
6132
6632
5886
4612
8850
948
4590
4322
3036
6949
9735
5815
1404
4973
7315
8051
3090
2878
6612
9604
8082
8032
5509
7691
3770
9734
8089
6781
5854
8562
2393
3159
3387
8460
6506
556
9356
3018
2211
5196
8492
1545
1961
9206
5533
9729
1563
8766
3691
4877
9264
7051
5551
727
1506
6879
5357
4112
3778
9936
220
4677
9573
8958
8515
9992
2524
6663
7346
7383
2092
6069
5287
7194
1400
3433
4440
3136
4178
8860
8108
2774
9500
6866
8146
5781
2542
2735
2165
5464
6368
356
3713
3130
3163
1260
6848
1640
2927
4930
3575
8162
1013
1852
3912
4949
2071
7399
4631
6501
704
2953
2477
5738
8303
309
8750
241
1978
2725
5259
8795
3252
7137
791
1549
4641
1954
3944
4953
4002
1374
1430
4993
4959
5468
5285
5092
9345
7111
5813
2529
201
515
525
5519
3916
9165
8849
224
7125
4901
9544
6772
9122
9486
2321
4692
9508
6363
7696
6823
6950
329
2265
6556
9074
7670
118
225
1616
1543
2329
8291
4524
5997
7389
851
5644
8315
7257
6697
3687
8213
5178
2930
7940
2540
5191
9570
4637
7136
7623
6373
7972
2663
9377
1548
6292
4145
5429
7460
3764
8884
9175
3152
612
6338
1878
5467
7771
3929
7152
7730
7204
7814
1553
1124
1695
5820
4031
899
3845
8927
9576
1627
8783
7792
3375
5702
6595
5369
5728
958
7719
1848
5941
1523
2877
8043
9953
6502
1859
51
4363
2733
8800
7991
6978
5916
2039
9691
3535
4728
3398
451
3283
4654
1035
7377
2581
6213
7857
7404
2743
8662
2842
9595
3167
489
1941
9522
903
9776
5764
8824
6305
1638
9352
8500
5397
5340
8322
8270
1579
9246
9237
2187
3492
7401
1507
6686
2111
5967
5882
5239
9777
8419
1450
9463
7752
5913
1034
4246
3390
3980
8868
4943
3030
5318
7825
7517
4074
9811
5523
2803
5958
285
4061
5576
9748
3818
4714
3766
3245
1919
9474
7538
9837
1685
5477
753
3197
9452
318
2913
8897
7474
4863
6744
763
6090
2917
7505
6513
4094
4311
3438
3684
5276
4214
8477
5481
438
3934
9584
1044
7945
3149
6668
1039
6617
9661
5969
5678
3188
511
8427
5453
2189
7444
1589
9118
1454
7333
5607
7341
507
2105
6935
6869
9751
2104
3244
4822
5246
6308
3377
6365
8654
3399
5824
2284
7609
7802
467
7407
7866
4837
3331
5031
6664
171
4321
8566
2589
7165
2621
1704
9887
389
7931
7916
1079
2478
9400
9558
458
2194
8083
9271
1084
2369
5286
4019
5621
789
1671
2925
240
3011
5851
4026
734
2755
5056
7337
5730
6916
9011
3487
9963
1440
5348
7769
6441
950
9089
7048
5064
1587
5893
5557
2758
453
2535
9096
7507
1650
7661
9810
5970
9001
9692
1798
7738
8957
1326
5895
6818
3819
3767
703
1209
8890
7054
2986
774
2911
9524
1502
1499
3660
2457
6042
636
6259
1472
6812
3783
3896
5746
4662
805
8316
8181
5752
8560
5336
2009
5208
2121
8231
655
4652
441
3837
4618
2647
4732
1963
5428
322
5337
1955
8946
2856
9141
1394
2880
5567
2857
3642
3721
8433
760
7495
1560
7391
2514
1235
6076
3482
8274
6973
1064
3069
2614
4484
6138
5680
7964
372
6577
4384
1448
5330
6707
5992
5860
300
7129
3924
7191
3455
6994
3602
8656
3723
3169
7702
5180
2082
4663
331
3743
2306
4772
7720
8401
9900
6097
588
564
8558
9521
5216
1822
6510
6732
6564
3320
7950
8719
9004
3897
7324
8631
904
4192
7649
2288
2275
7663
6855
8174
1970
3706
3843
4987
4142
2948
217
1932
5656
5082
1113
8196
8319
4122
2291
3574
5091
2576
2565
253
4882
3860
69
7641
7231
4578
940
9962
6530
9619
3608
8258
6520
2085
4005
2140
1234
3248
9307
7034
6324
9991
7033
5835
1915
8086
1080
2061
5747
9955
8367
1696
4124
5188
6037
6334
1973
1639
6479
1991
8525
89
456
7041
9509
9256
9277
8926
3549
4825
6831
6467
7904
6809
9157
5231
307
6723
9159
8354
3619
9393
1857
835
7910
7392
5758
6602
7160
7943
3593
5193
5376
2310
3936
398
2729
4072
1416
6114
512
2414
1325
5829
4120
4335
5962
790
6325
4806
4758
3333
3722
4213
9906
5140
9845
3402
5821
5406
8953
1751
6220
4569
8971
7764
2597
9673
6764
2222
1497
8502
1027
915
3183
3114
8361
4276
4497
9461
9693
571
9180
8416
8406
5842
583
5541
1631
8283
5799
8356
7409
8797
8838
2928
777
2831
4636
6890
6307
8869
1393
1343
822
3757
4634
572
1117
4924
4976
4085
9492
466
8015
478
4720
6070
137
6627
7094
2332
5422
7467
7340
1570
4607
442
9167
212
2876
8104
3066
6847
2274
5190
4576
5570
3667
9044
3700
6840
2780
2904
4149
6204
2045
9081
3945
5247
9213
14
7726
5407
8913
2892
2237
754
8555
8091
9265
6214
3184
3176
5446
1844
5768
890
860
1820
9112
6044
6227
5696
4762
7803
1134
7654
7816
1742
8544
7380
9094
624
2163
8012
752
7989
3174
4211
7331
6652
6468
3264
5358
1808
9306
2804
5485
6413
278
7422
9850
3891
5076
8787
8720
6940
595
2251
6598
5039
5326
2114
6968
9016
7876
4390
6474
6326
3081
313
2868
2981
1010
2022
1871
4577
725
1037
9234
792
1788
6139
5410
1340
1008
315
3506
7901
9055
4543
2404
4186
2035
337
5792
7642
5353
1778
367
5045
4492
7123
5335
4076
5727
7969
464
8038
8983
7202
4975
3092
7235
2209
7060
1794
4399
3675
6979
4944
3372
8077
548
4022
4462
7662
6375
1204
5305
2683
8642
211
5635
8751
1505
3146
2854
565
501
5700
3263
7887
4767
6427
4726
2144
2201
4763
5704
8126
2385
3976
6798
6677
8061
7648
1369
9132
9622
3763
1131
335
1281
5666
1122
5925
3758
3539
9062
4340
2148
1760
3872
7939
945
7010
550
2843
7461
9329
3047
4516
5070
2505
1677
8153
8501
4821
7582
2761
6773
6407
874
9662
1521
6832
7643
6952
5365
5608
9999
2889
8404
3442
4994
8160
9676
5389
6240
8997
2929
956
6641
8481
7022
8712
2180
403
5853
4719
1194
4648
677
6600
289
2583
7024
8678
9684
9620
9787
110
6996
6541
1957
3359
8541
5412
57
909
3795
7356
4068
5225
7524
9791
2292
5198
6425
6899
4032
9423
1157
1196
5646
6102
2030
675
9149
2850
3651
3407
5370
8846
8928
362
8141
6730
2776
49
4786
4140
642
9387
6821
4499
45
7928
1149
7521
5046
416
3840
1187
1055
1731
7463
4563
3120
6195
3742
6755
5342
7284
3543
2173
1710
1743
9704
6007
8053
5695
4685
1833
8010
1694
7656
5986
6399
6268
9683
81
251
9505
8237
7804
8697
8730
6873
5819
8122
6273
8309
3906
1442
8624
6607
1320
8871
4453
8579
2340
4546
1810
2221
883
9017
9939
4591
4712
2486
1441
5767
2792
4809
7578
2444
2240
4255
5058
6382
484
656
8028
995
7615
6257
8057
2574
3383
7858
6378
7021
7489
4315
8878
2352
8603
9968
2021
5179
1365
8519
3846
4820
2545
6970
3391
5874
7062
2469
8614
8629
9950
3041
7402
6190
5670
8554
1508
7428
8739
9812
7445
1060
2202
4014
2300
5421
1206
5622
6629
4279
5831
4540
9859
3226
9766
3797
823
1719
4624
9532
5504
4525
9380
5527
4343
6537
3834
3689
8407
8157
2230
9121
3636
3827
8105
9320
2367
2693
3663
9353
8520
3192
2246
5224
7924
1757
2349
2990
4102
7616
4206
2980
5922
2513
2654
7974
5648
9225
3024
9154
3286
9752
5162
7187
836
761
3760
8097
8506
1644
4649
5201
653
7049
5522
2871
3141
5613
2484
4881
1198
4610
4117
6058
5826
7031
629
8836
8476
1351
4293
3222
1896
8998
1634
9073
1690
4332
7741
9060
3231
4134
4536
1889
1817
9327
5798
6591
1420
981
2143
2890
7859
3831
4388
6053
4285
8452
1410
8347
5960
1174
5507
4615
8661
9455
7844
17
7933
5647
3172
1892
6029
6431
2395
6741
3950
8619
3699
1455
9181
5512
622
506
7059
4439
1812
3528
9139
4290
1782
7058
5787
5229
5953
6975
2834
1987
856
4395
5778
63
5606
5095
9732
263
461
3572
1774
1524
5377
2421
5654
3216
4565
1914
699
5097
7462
222
7607
3937
6661
7685
4407
1377
2276
6319
9540
972
3854
6728
9029
4170
7886
9106
3567
6485
9714
671
2462
3512
2966
5349
9405
8839
4431
105
2921
7304
4757
9954
3083
1764
5786
5801
2287
6886
1947
2036
8593
3671
3719
669
9399
357
2093
2678
2630
9523
3913
5427
865
4380
581
5716
4759
8387
8282
8204
8759
5244
6724
9120
5906
6483
720
2354
7793
2769
8788
9841
2519
6672
5351
469
1779
6182
8667
1419
2294
2655
7230
4541
5416
1614
9243
6637
9761
3409
1492
8539
8076
705
8063
7286
8493
3863
9977
7572
79
4261
5782
2364
7359
61
3381
9233
2822
7156
4348
5243
6248
6543
488
6379
6784
854
3522
6000
7820
7294
6152
9685
7689
9828
5423
5035
9571
4113
4199
8643
6402
7874
5688
34
1382
6420
5898
1331
2034
94
6374
4427
6656
8530
4639
539
6681
4412
6854
7899
5472
9552
6762
9408
7864
393
4606
3533
6748
5660
9707
8197
9457
4919
1999
5093
6082
9557
8779
2973
8212
6835
2985
1997
5805
2910
114
5123
2859
7749
5520
5652
9553
5483
3990
4857
1530
1652
8735
176
6350
2950
3105
4512
884
9384
3249
8610
2090
6153
7679
5309
5669
6861
2688
9876
4670
8480
6500
9212
5079
8186
448
340
7995
380
2865
9204
4686
4090
5766
4457
1330
8990
2141
2212
4999
8818
7425
7019
1304
6446
4503
7195
4365
5405
6244
2587
360
4753
5565
1268
134
345
827
4893
5456
4053
8551
5659
8310
428
3718
7357
8777
8646
2569
1486
2591
7171
2636
2496
7878
4347
3217
1456
6529
2319
6099
3890
7414
115
6235
3903
2544
4163
3324
3189
6989
336
8252
9943
7610
3147
632
7860
4420
9439
191
3054
1186
9746
2386
8180
5096
3287
9413
4722
8686
2029
9142
4687
8441
3037
383
3145
5202
9790
7096
8471
1841
6921
4059
7996
5990
6816
7823
1255
3708
4813
348
4156
7929
4770
5062
73
9947
6061
3195
1014
2720
8491
5403
399
4556
9183
708
4627
7098
7798
2267
4200
658
5876
5563
2447
2742
4259
2184
1139
3762
9618
9857
8265
7164
4442
9932
4188
5122
586
4151
3060
4850
4098
9193
6297
8295
7146
9395
7326
4159
252
6951
5597
660
3232
1763
3336
996
9003
9490
3861
4344
8369
4529
8217
3556
3087
825
4086
9835
5454
6622
6428
8964
4564
2151
2109
9911
8031
8764
5161
2079
8036
6157
320
1412
4389
9374
7547
8856
5630
5235
2431
8483
5532
1038
6693
1252
8756
5987
7710
7450
7482
310
8880
9390
1972
1166
1800
695
6934
352
2244
3992
5890
2131
9603
8447
4760
7599
5267
2362
9668
8542
1735
43
2730
8507
6573
1086
7827
83
8275
5864
5385
5262
2771
8284
5638
9066
975
9696
9239
1110
4133
9851
818
7038
947
1161
8292
3002
6678
3748
6299
8805
3657
2634
122
7877
2026
7027
1116
277
4515
9960
9248
5566
5461
5910
4230
2816
2883
5195
8655
3665
3236
6140
7336
8866
9421
1092
5858
2888
5515
852
7504
6910
2095
6713
895
7677
7987
6930
499
7626
7238
5863
6898
4108
8414
2686
7057
9125
944
4257
4341
706
9189
4887
9252
3108
4104
3638
8995
8511
2086
5151
4314
9298
7733
6094
7093
3038
3443
3941
9037
7512
1942
6251
9645
1267
1985
2382
6807
2601
7128
6927
9398
1068
436
7997
8080
5934
9131
4476
1363
8331
7918
3494
1762
5837
424
2084
5546
4614
6304
7850
8391
1136
9838
4812
64
5281
42
1714
8127
8857
6944
991
2695
5081
3061
7406
353
8919
9022
4657
5698
2250
5513
8182
4791
9324
2380
3434
239
6063
268
8961
7083
7909
2145
5816
3297
7646
5908
5548
3202
7296
5777
2218
796
2196
1840
8716
8041
817
5375
1937
4666
930
2264
3465
5765
3900
1684
885
7875
7416
2638
4226
3949
9269
9155
4623
1396
8129
5172
172
7227
3007
7148
1617
8781
8123
2926
2848
7729
6733
4452
4792
5529
199
937
363
2242
4372
1835
197
4042
9608
2841
540
6568
3511
9819
138
4966
4995
9287
9226
9354
768
5387
7070
1489
5643
3576
2768
326
7627
9988
7170
3627
8907
3119
3824
6180
2407
1211
679
5945
4077
4790
2050
5111
689
6364
5139
5339
9670
3947
5145
7226
6726
5955
8675
9589
6019
8799
1602
8537
1538
9427
109
2440
5779
9862
5869
9376
4912
1666
8627
5649
6711
9321
382
9554
5543
1491
4750
6751
3349
8255
6284
8706
4035
486
4600
6593
8261
4509
9935
4062
7095
7063
3926
9747
116
6503
6987
1599
3901
4905
5319
209
2952
1318
716
1500
3010
2996
9472
4528
6535
128
9541
6461
809
9861
9135
297
8951
3888
7598
8475
6943
8039
894
3630
33
4653
848
5625
534
8114
8353
5937
5590
8207
9031
6250
4869
3732
3693
766
8708
2765
8324
8663
9113
9224
7958
2700
3000
9899
1951
3220
8695
3234
3001
5811
6135
3771
8873
3350
7590
6960
7668
6721
3251
4520
4362
3899
5963
8540
9945
9097
4888
8013
9882
635
6802
3815
5321
5724
566
9993
7705
6871
2252
4418
2377
8
1827
4489
4268
2015
1353
7483
7554
8955
7883
3652
7813
4
2737
260
4554
8793
6494
121
2997
5907
1943
4571
8941
8833
9740
3389
22
60
986
1155
7413
6551
2805
2891
7175
755
1527
1708
2325
8360
839
6142
8459
4052
2617
2741
6756
4095
6170
8556
142
9689
6247
9179
2
9424
4435
9244
3513
6589
2450
794
3112
837
8045
6647
740
7434
6624
9042
2798
2830
7183
2136
6806
3772
5240
1829
3910
9720
8096
6225
4424
4049
7759
8029
3668
1224
2241
2923
216
8552
365
3738
9433
9114
1358
578
2566
232
8144
7480
7942
6928
729
1837
4898
3587
7826
1606
3207
5505
2612
4070
514
223
8717
5772
8988
535
6156
5940
8757
2011
6845
7020
5266
6827
7665
7822
7527
992
2531
6079
5944
6085
9588
6480
5459
2940
4446
5615
8287
6857
747
1936
2811
4593
2789
5891
1923
9198
4357
439
4982
1345
5885
7432
8984
6081
496
462
5526
2987
6710
1163
8277
9483
135
1023
3313
3525
2195
9644
6834
2826
7577
8244
8945
847
5153
8599
4748
8910
2791
4472
4325
4992
1418
1664
1934
9897
422
28
8994
3577
294
5645
9829
4579
8852
3357
9578
1274
9970
5785
3566
4183
9059
5057
1765
4783
3289
1248
7795
2118
6018
6322
3129
4079
2427
7116
1453
8522
8633
537
2706
1673
7635
1089
7006
5242
341
6398
7068
5170
9268
5100
3724
9301
7865
7564
3641
6872
1681
7574
4116
2520
5010
6177
4137
6512
7836
1691
175
4805
1465
4665
5964
9990
5569
182
1483
951
9506
1750
5744
1856
8924
2738
6844
1509
3686
888
5701
5828
4444
4938
9808
2957
678
7481
6554
8898
7167
5901
2754
2289
9893
4262
5771
1693
429
5073
4513
1815
7189
6679
2372
5899
596
9782
8019
4741
8668
9572
8601
980
473
302
343
6984
6401
6547
3200
6429
6197
9426
2102
1266
3741
9728
8935
9736
4203
9934
7172
2471
4397
6837
6309
2998
1557
4789
9010
1755
4277
1371
8425
445
3464
6957
7613
8320
9412
5298
3191
7560
9137
5808
1734
5580
397
868
8993
4065
1802
1002
7144
9546
7936
7410
8300
2401
7570
9903
8810
8794
4575
6650
7536
8488
1329
4197
4875
3932
6575
9706
7311
2346
8570
7567
1568
8334
767
7828
2177
9780
3499
2130
2580
3205
5720
5425
4101
2562
6583
1128
7272
3790
2316
6719
324
4560
3221
558
1541
4451
7479
4256
645
8676
4387
5977
215
3358
6670
1864
9834
70
971
1338
9211
4884
6026
2415
2049
3883
8128
3057
2808
8969
8386
9635
1836
967
7368
7268
9475
1074
2204
4468
3476
8921
6903
814
1925
6118
8920
9910
18
9832
7552
5740
9018
173
1346
9214
9092
2552
5928
7806
4705
4931
5030
9251
9344
9078
7163
5550
1908
165
7363
964
6211
9577
2438
5400
7898
1199
7861
1069
3306
6129
1898
5714
6814
5549
1277
7788
3904
1628
9679
1776
7325
8804
4438
7421
2296
5048
2734
4229
8895
7032
2270
7671
838
1043
2160
1707
8454
6688
2942
2785
5395
4700
2271
9450
5000
6945
8130
3046
3213
6173
2497
9358
2423
9822
2007
2286
9460
2057
2793
7236
3235
9579
2031
1496
3711
4064
9232
1143
3953
5189
7549
9568
3410
8807
471
5230
6436
1797
5245
219
2539
7542
8478
9117
3749
3027
4441
1922
8587
5182
7451
9667
7077
1093
7988
1834
5269
4144
667
7223
208
3537
1200
1460
6820
4684
5905
5495
3695
8245
917
4980
7438
603
9293
4409
983
9035
2088
9199
1738
6760
2955
2199
3965
7241
2567
9308
9054
1592
9235
113
6155
247
9033
4561
1501
4622
650
4069
9758
2675
7783
162
4972
8004
1814
3106
1242
4948
4755
3459
4656
2051
8247
8069
7449
2214
1893
4205
630
2442
6509
6682
544
601
4316
5872
344
5694
3800
5250
1551
498
5011
446
3933
6346
3782
330
5612
2653
8625
2509
9223
4089
907
718
2644
390
5409
2860
4601
8201
2935
7863
3938
5007
189
6597
5783
9986
5080
1688
8900
8591
5264
1090
7381
9366
4382
9247
7784
9550
3118
1916
5710
2864
2736
3985
4317
5256
1100
8134
9533
2258
7468
4829
2656
5217
8176
1285
4272
6298
9974
7121
2135
5248
2437
5185
103
6028
1903
5148
9709
7978
893
7516
643
9361
5983
481
7320
1459
3644
9536
1729
9365
5112
2861
7088
5099
8970
1886
9756
7492
7047
6414
9144
4715
1164
306
6523
8115
3420
3158
6290
6619
7644
2715
1236
4222
2610
6410
4048
1901
9359
7534
7965
3260
6100
5380
6203
4243
2615
8738
9531
8827
1795
4589
2066
778
1950
4216
853
2134
3312
2896
575
7650
6567
724
2418
2704
6330
7932
5807
1996
6103
8607
3746
5023
639
2297
7976
125
3761
2767
5683
1675
2293
6829
3639
2600
2249
5796
3135
4491
5555
3273
875
8715
3368
9585
2813
8168
6013
4710
5514
1533
1007
1295
2504
97
4210
3269
5101
3875
2232
1293
3168
4218
6121
4895
4766
7638
7084
8352
9088
5320
7429
1522
6175
3704
2812
6105
7838
1413
6888
9043
5125
1082
8103
2336
5881
2575
9448
1212
1332
2108
5629
4458
2628
3078
1219
2363
8098
2069
4432
1995
5438
3393
5209
7178
1882
1262
4769
9549
1488
9419
4450
9763
3164
9815
6909
9158
5063
3348
2532
6396
9804
7600
2446
1772
613
5995
6466
6423
4951
9592
5051
3339
6331
4041
6068
4138
3911
6041
8819
4231
659
7394
4736
1049
1314
4731
3956
154
8679
3017
3257
6229
7819
8193
7011
7709
4258
351
7250
6437
8498
551
1643
4467
3285
1257
3848
2225
8149
3865
1752
3717
3550
9076
6179
1184
4233
1470
7692
3730
3155
4020
7247
8798
4280
6642
4865
2167
9032
7288
5258
0
9312
4862
8729
9566
5107
634
5776
152
3520
3776
1480
8785
8208
3308
4583
7513
5232
7681
3296
3369
2960
8496
3961
7427
4015
2416
8940
6906
8378
4082
3765
8923
8942
2713
68
7107
7977
7751
9849
4909
3039
3282
4625
493
1339
4184
3796
4547
6126
7322
5769
9929
8524
3632
8705
1284
6514
375
2867
8154
9705
4667
2974
7776
5050
8748
1469
7159
1518
3917
386
292
9072
8577
4378
2193
4945
141
4843
3583
6572
9886
8859
6862
460
6746
1426
1979
508
7810
4330
5414
9648
9392
1949
338
2495
9725
3616
9064
9654
1540
7951
5128
1867
7174
8432
2931
3812
7914
6124
5713
7173
3301
4096
4373
6202
2072
8812
5530
7744
8304
4281
1646
1019
3117
6050
8170
8014
7269
7544
3534
8647
3755
6926
4716
196
8634
1676
8087
8166
3972
9708
3502
3705
6540
7249
271
6440
2164
2433
9481
9789
6168
1239
280
6269
6742
2541
5723
12
6160
2236
8875
9989
1994
7882
7622
4150
5875
5291
8638
2570
3454
7426
925
3489
7208
8206
6242
6533
5849
3676
1876
8887
4217
5418
7433
8017
8445
2299
256
9979
3496
1316
9767
9289
2006
4691
4978
4796
1625
6749
9921
8912
3806
7140
5920
7271
4433
7559
6972
7279
4119
257
9891
120
9870
7556
4465
9743
6778
2152
4033
8024
5072
3859
5273
1445
855
7724
1183
9140
8792
9516
8944
1264
8111
3148
7748
5473
8464
7787
4801
702
6264
9896
7330
559
7667
2266
8630
3198
4544
990
7498
6953
1905
9599
9624
6036
1389
3952
4908
6526
2476
4707
407
8335
9801
5334
5856
7228
6493
9328
291
2553
9241
609
7903
9715
6008
9797
1275
5664
1054
8405
5573
6255
6826
9912
7071
8169
3144
72
9885
3637
2559
5840
7540
6122
2046
3604
7953
638
5496
7369
3852
8107
3259
4361
3223
3680
3486
9123
8776
7101
7619
3809
8948
8442
8731
1223
3075
1804
6145
4566
6654
480
1360
9617
4756
3504
4608
6339
8806
2330
